gfx/eyananth.jpg
-1.4 0

0 0 200 300 1.5
1 24 150 260 1.5
2 20 110 300 1.5
3 -1 0 0 0
4 -1 0 0 0
5 -1 0 0 0
6 -1 0 0 0
7 -1 0 0 0
8 -1 0 0 0
9 -1 0 0 0
10 -1 0 0 0
11 -1 0 0 0
12 -1 0 0 0
13 -1 0 0 0
14 -1 0 0 0

FACE_SID
何があったんだ、クリス。映像が途絶えていた。
FACE_CHRIS
WEAPCOの採掘船を破壊したが、その直後にクライン・ケスランと名乗る男に会った。
FACE_SID
聞いたことがある。WEAPCOの艦隊司令官で、非常に有能なパイロットだ。
FACE_CHRIS
奴は俺を地獄の様な戦いに引きずり込んだ! だが、長くは戦わなかった。俺を試していただけかもしれん。
FACE_CHRIS
それよりシド、モルドール系の情報はあるか?
FACE_SID
捕らえた科学者によると、WEAPCOはそこで新型戦闘機の試験をしているそうだ。
FACE_CHRIS
そいつをぶっ壊して、開発を止めなければらなんな。
FACE_SID
その通りだ。
FACE_PHOEBE
そこに妹がいるのかしら…
