gfx/eyananth.jpg
-0.5 0

0 0 300 300 0.5
1 24 250 260 0.5
2 20 250 360 0.5
3 -1 0 0 0
4 -1 0 0 0
5 -1 0 0 0
6 -1 0 0 0
7 -1 0 0 0
8 -1 0 0 0
9 -1 0 0 0
10 -1 0 0 0
11 -1 0 0 0
12 -1 0 0 0
13 -1 0 0 0
14 -1 0 0 0

FACE_PHOEBE
いいヘッドギアね! もしかして同じ店で買ったんじゃない?
FACE_CHRIS
もっと重要なことがある。あそこで何をしてたんだ? 俺が近くにいてよかったよ!
FACE_PHOEBE
姉さんを探していた。1週間前にいなくなってしまったの。
FACE_PHOEBE
待って! あなたたちスピリット系から来た反乱軍でしょう! すごいわ! 私も加わっていい?
FACE_CHRIS
新たな戦力か? 俺は困らないな! どうだ、シド?
FACE_SID
いいだろう。その誘導ミサイルにも興味がある。それは助けになりそうだ。
FACE_CHRIS
そういうわけだ。ようこそ!
FACE_NONE
以後の作戦にはフェーベ・レックスが加わる。しかし、彼女が参加しない作戦もある。
